50 636
33 41 5946
1 4 12314
47 15 12541
20 30 27120
11 19 19078
8 23 21719
35 17 26158
3 25 1520
27 17 2558
25 38 5176
37 34 16092
4 31 9756
16 49 25157
25 44 13763
20 13 18201
15 29 20607
21 5 10224
6 18 20037
38 19 13660
11 44 21245
14 19 25924
5 18 22783
39 30 4395
4 16 3459
34 48 330
12 9 26124
25 19 10798
31 8 3517
18 5 30701
37 4 23001
6 23 20010
32 17 26402
50 12 9458
18 14 3309
8 23 31981
30 7 8737
7 43 2673
35 47 17558
8 40 20578
41 31 12357
21 24 10268
25 23 9648
24 4 9953
33 24 11624
6 16 30248
48 35 7112
11 20 12555
7 21 25400
15 13 17831
8 41 3450
36 29 11771
26 46 23229
50 8 23004
14 23 26302
1 34 26728
38 15 5280
9 31 21377
9 7 28220
33 26 6201
26 12 2860
16 23 25217
35 48 4732
4 21 27925
45 30 25983
15 29 28092
18 20 11301
16 41 13054
10 26 7960
4 47 1008
36 44 12150
21 37 30227
3 37 29066
43 31 8833
40 46 926
16 9 17172
6 7 17209
16 33 16668
8 14 26844
14 24 22302
13 37 17352
6 15 2318
11 17 24433
40 15 23133
5 26 21159
17 26 21589
36 41 12042
28 15 10650
38 12 15358
5 39 29352
14 9 30830
50 39 9906
27 21 1529
14 43 24197
5 29 24105
5 16 26148
48 4 30295
5 44 10048
30 25 25541
48 15 7075
8 40 6120
36 46 7955
40 28 6231
28 26 14994
29 8 11485
36 40 11179
49 39 14350
24 31 3919
13 5 28849
39 37 15678
37 6 20760
31 15 12250
18 47 5767
42 27 17115
46 43 7228
26 9 22742
5 3 285
27 6 32196
27 12 10764
24 31 7607
33 21 9612
21 32 26270
27 39 32000
41 15 23745
6 41 26916
6 17 14169
8 29 17358
4 16 17944
5 41 32568
5 12 20307
29 19 16454
11 39 18177
15 46 8079
29 25 3159
22 42 12069
12 18 2378
27 39 708
41 2 5834
30 48 29198
16 42 18134
20 21 14924
4 31 2682
41 16 7106
2 14 17793
49 5 12845
17 38 2982
29 4 3743
43 45 22113
45 13 15288
27 1 13671
19 48 16765
28 9 28605
11 48 32200
26 5 25901
27 25 23511
40 35 6695
15 24 14430
17 50 32129
6 21 13256
23 30 23605
24 44 402
9 48 8159
25 18 18762
33 6 20480
21 45 7458
33 8 31170
44 18 12466
9 4 16271
5 18 16251
3 37 9972
45 5 1459
15 45 16109
35 5 11764
28 44 10098
7 33 16190
14 12 19912
21 39 27873
40 10 13436
26 35 26196
15 47 12794
14 22 25916
5 30 25160
17 39 29227
14 49 19995
45 35 10123
36 21 3913
33 46 25485
37 10 25436
12 48 14400
26 31 16974
16 26 48
46 35 4851
39 27 29747
19 49 6250
2 49 20360
47 17 18163
25 3 13379
27 36 24530
6 27 10607
46 35 12441
11 39 15652
49 47 19540
15 18 7256
44 11 14873
9 49 24945
13 17 30009
12 47 7288
7 8 7720
49 2 8537
32 12 4763
23 31 30970
34 50 2582
7 1 15599
1 46 19623
21 46 7666
49 17 25921
14 20 1977
38 46 28288
16 10 15580
17 29 16335
9 12 22269
14 40 2325
1 27 8335
43 9 2042
43 22 8989
39 19 16698
37 19 18928
37 14 8402
28 40 1062
28 2 31074
13 33 27404
42 5 4179
50 34 13302
11 18 6860
39 7 875
48 47 12194
29 34 14755
10 38 11198
17 26 19808
9 7 6
29 4 17132
35 15 8283
41 20 5166
37 6 27451
30 35 5622
12 4 4310
9 20 9694
35 6 10343
4 14 5954
40 41 21691
8 3 30468
25 49 24528
1 49 21457
34 46 12243
35 18 27696
40 34 17338
45 33 3145
22 42 23213
29 6 26279
18 39 1329
17 20 26232
20 23 15635
30 16 3598
40 16 10127
24 16 28384
42 36 28248
1 46 10465
39 32 26160
18 1 19242
41 29 10222
13 47 21974
49 5 25052
48 24 30717
7 2 8834
24 14 24547
46 21 32256
33 13 23449
42 31 2258
12 16 29493
17 9 32604
21 17 18634
7 30 15159
23 5 7490
10 14 9733
13 23 30583
21 25 18664
13 11 19640
45 49 23519
30 12 15272
42 49 7521
6 25 5536
48 29 5055
24 47 3761
12 2 2399
3 19 12077
25 43 970
6 4 22254
39 12 17116
33 11 20612
35 34 9788
4 17 26822
11 47 17275
46 10 20996
45 44 14216
4 27 13570
13 47 1069
20 1 1386
45 28 30185
24 43 8510
3 29 10674
14 32 10414
32 16 32463
45 40 7847
25 3 30178
12 8 17826
28 29 32317
2 10 31046
24 4 18383
37 48 18105
6 50 23613
4 43 19034
27 32 10866
17 32 18451
30 48 31889
30 42 13592
44 24 6976
8 48 31038
13 31 3287
43 46 21320
40 50 12052
19 2 10074
18 48 8998
24 18 25349
14 9 6270
7 50 23831
26 38 30855
13 27 21834
42 6 13569
29 30 20432
27 5 25049
13 43 20813
11 30 19165
12 21 10650
32 20 27561
19 32 8337
39 3 31062
22 45 22071
31 19 10721
20 5 18790
34 9 23224
32 8 21895
17 13 18963
46 11 20281
36 13 6760
5 8 32058
34 50 21907
12 6 27905
50 8 5359
3 46 28761
37 41 3645
36 49 10020
21 3 15087
32 27 2131
49 30 2723
41 11 1882
9 37 5957
1 48 4806
44 46 24805
13 39 7826
7 34 7133
34 19 17513
10 11 27827
21 42 24210
20 14 7662
34 24 16930
32 43 1998
25 16 10834
11 28 15877
26 13 19598
17 21 11092
2 41 10906
49 4 17990
28 50 9707
18 21 4743
1 16 7841
28 42 20169
24 13 3067
38 18 22893
35 9 10892
21 23 9804
33 47 25319
13 3 16445
43 48 17301
23 22 31037
48 26 16229
25 22 10321
48 31 25826
7 35 9656
37 35 24366
45 29 4189
9 18 25596
16 46 7374
47 19 18322
42 2 8103
1 41 18827
39 17 6254
39 17 32265
32 36 25192
11 10 20956
5 41 25965
41 24 18496
10 5 20387
27 17 28365
44 12 30347
20 2 6211
11 1 23535
45 5 10488
11 44 24304
8 28 21574
10 1 22219
8 30 11215
24 44 5293
37 45 16792
13 39 9366
10 13 19970
12 25 7719
15 46 18833
49 42 13721
11 30 20649
18 1 17516
49 4 10409
26 44 7625
45 41 12261
28 29 26759
32 31 4185
50 1 31341
45 44 12213
6 20 24429
38 21 22410
44 6 6896
28 41 2134
27 2 24768
10 27 11811
22 2 26322
22 12 29400
32 25 1249
1 38 22128
35 27 29086
6 2 10674
41 33 70
36 22 3639
28 11 31461
3 16 20318
39 28 27408
8 19 29051
43 12 7044
41 2 4335
49 29 23162
50 21 20524
29 40 5160
25 49 32420
40 3 32119
43 1 19591
9 39 14595
35 42 30018
30 50 21106
39 42 11748
17 48 9592
14 49 29232
44 16 21650
11 40 16957
29 43 23846
32 10 21834
14 6 8633
33 43 14156
36 7 37
37 19 2465
1 36 1189
47 9 11877
6 5 19419
12 24 25134
47 22 18675
17 25 7315
24 3 12567
17 31 557
38 21 26657
47 45 27350
16 18 18055
47 26 12107
25 10 26776
4 28 17507
14 42 8389
19 35 6841
18 24 31806
15 17 3049
3 16 3556
23 36 20532
28 14 6506
39 23 25332
30 5 7284
24 22 25430
13 37 21172
17 39 22662
15 19 31273
12 3 1916
8 41 3782
33 13 674
9 36 2193
34 12 8347
50 2 6153
22 31 18243
39 6 9602
17 15 157
11 24 28556
24 2 14729
33 35 25254
21 11 1029
10 48 22780
15 29 5783
2 3 7570
39 38 31538
6 39 1620
43 33 16017
8 38 9856
44 41 14359
10 48 10615
28 9 6996
22 23 9734
35 3 27808
8 42 22004
9 17 2957
22 6 30956
20 4 7128
39 44 27327
39 46 4230
31 3 16175
3 21 27581
22 18 30488
34 15 16877
29 31 1197
40 24 1850
31 23 14054
25 50 25347
34 7 21893
32 46 21041
28 7 8407
4 1 5040
9 29 24312
2 3 30016
18 49 9313
35 33 30310
9 49 22588
26 18 11839
49 46 26924
10 40 1058
44 2 32219
8 49 32459
7 39 8001
42 44 26100
39 9 19024
11 22 19371
35 3 24107
34 45 3079
8 44 17907
14 27 29355
46 4 25941
7 43 1367
22 29 20894
3 20 17404
27 38 19893
50 32 23387
12 47 22265
30 36 25563
36 31 826
26 30 6482
43 15 13919
48 31 14751
28 2 19309
19 44 6620
45 19 14748
5 4 28363
12 43 21736
9 8 4984
47 19 3426
37 18 5688
4 13 27981
21 15 8517
25 47 7076
18 28 26587
1 15 27103
25 44 28856
15 24 19465
34 16 15602
45 44 32268
49 46 17892
2 37 12399
47 8 454
40 33 2857
46 29 6043
12 27 26324
19 20 27631
37 17 17969
36 3 15554
49 41 20020
20 49 5178
40 30 20762
22 4 13915
48 27 13664
17 49 14506
41 18 18268
41 48 4765
7 25 7898
18 31 20683
23 2 26121
18 26 7252
35 11 640
21 37 562
10 19 24866
47 32 4297
17 25 26838
48 50 9445
9 16 11888
22 48 17110
43 8 23439
45 44 18292
15 27 11125
46 8 3616
31 10 17648
28 23 9984
19 14 6400
14 18 19854
50 48 7728
27 45 3213
28 48 26988
6 31 21610
32 5 2149
48 37 19023
